Length = 5
Value[0] = 10.00000000000000000000000000000000
Value[1] = 20.00000000000000000000000000000000
Value[2] = 30.00000000000000000000000000000000
Value[3] = 40.00000000000000000000000000000000
Value[4] = 50.00000000000000000000000000000000
