abs(-5.00000000000000000000000000000000) = 5.00000000000000000000000000000000
abs(-4.00000000000000000000000000000000) = 4.00000000000000000000000000000000
abs(-3.00000000000000000000000000000000) = 3.00000000000000000000000000000000
abs(-2.00000000000000000000000000000000) = 2.00000000000000000000000000000000
abs(-1.00000000000000000000000000000000) = 1.00000000000000000000000000000000
abs(0E-32) = 0E-32
abs(1.00000000000000000000000000000000) = 1.00000000000000000000000000000000
abs(2.00000000000000000000000000000000) = 2.00000000000000000000000000000000
abs(3.00000000000000000000000000000000) = 3.00000000000000000000000000000000
abs(4.00000000000000000000000000000000) = 4.00000000000000000000000000000000
abs(5.00000000000000000000000000000000) = 5.00000000000000000000000000000000
